,city,nsw_cvr_control,nsw_cvr_variant,delta_perc_100,p_value,is_significant,improvement,n_orders,weight,cumulative_weight
23,BUC,0.372499498486241,0.3715852798634055,-0.24542814864198817,0.9330339463225142,False,False,338960,6.783134217846351,6.783134217846351
70,MAD,0.3465365652450878,0.355271944700915,2.520767021987739,0.019828070672439326,True,True,303764,6.07880570731024,12.861939925156591
126,TBI,0.36957007772144185,0.36653689688708085,-0.8207322554525667,0.5800311059853733,False,False,247350,4.94987092513658,17.81181085029317
26,CAS,0.31927266387571135,0.3141811254261248,-1.5947304688661383,0.5084615130123318,False,False,225960,4.521822657141142,22.333633507434314
143,WAW,0.3768646451329975,0.3842232952027569,1.952597614234278,0.1886582382701277,False,True,204013,4.082627924196033,26.416261431630346
12,BCN,0.3008472087077166,0.3007233890061997,-0.04115700526148631,0.980623408277984,False,False,194413,3.8905164995697503,30.306777931200095
84,NBO,0.2572087013670601,0.25843765269240715,0.4778031687167675,0.6249686926461838,False,True,157449,3.1508074683316325,33.45758539953173
55,KIE,0.3137603878730001,0.32007472413662236,2.0124708241303244,0.18998896910529103,False,True,132512,2.65177803125813,36.10936343078986
58,KRA,0.40033083894608806,0.4049993540852514,1.166164253409424,0.46800076998207196,False,True,93843,1.8779492105421145,37.987312641331975
65,LIS,0.24416026850637956,0.24573504115351147,0.6449749817058213,0.7637376577754615,False,True,90094,1.8029256969042045,39.79023833823618
79,MIL,0.19103860738373696,0.19144046621338964,0.2103547733916819,0.8843193505652146,False,True,84008,1.6811350583338336,41.471373396570016
37,DNP,0.3890082912535758,0.3953143153618943,1.621051337491403,0.2990049792463203,False,True,80564,1.6122150847491543,43.08358848131917
109,RBT,0.23969018171570283,0.23497292724542435,-1.9680632875791446,0.4236918907775479,False,False,79515,1.5912229092873869,44.67481139060656
66,LOD,0.41350840839243097,0.3998015452627486,-3.314772529770228,0.0380794178798769,True,False,78402,1.5689499909947768,46.24376138160133
144,WRO,0.41783625840714683,0.41163830154216896,-1.483345865819638,0.3636162227969678,False,False,76037,1.5216225410738229,47.765383922675156
110,ROM,0.2128522576744394,0.2106268570561838,-1.0455142184394324,0.4854493288140094,False,False,75428,1.509435472574093,49.274819395249246
44,GDN,0.3686805398595352,0.36838634003412474,-0.07979803477627144,0.9668713901351,False,False,70208,1.4049748854335515,50.6797942806828
1,ABN,0.2329390015682718,0.23166138365334238,-0.5484774581876807,0.8206565160882824,False,False,68072,1.3622300934542035,52.042024374137
72,MAR,0.23397281583565824,0.22491999475562013,-3.869176445864025,0.11100748896151223,False,False,59959,1.199875928038262,53.24190030217526
4,ALA,0.1971424952380569,0.19796523373782124,0.41733188918545605,0.7818930238438337,False,True,54827,1.0971763622901283,54.33907666446539
62,KYI,0.3340079487132179,0.32434579924197965,-2.8927902789326216,0.08018371321167075,False,False,53788,1.0763843028956797,55.41546096736107
35,CTA,0.38724287761589987,0.4063872097498592,4.943753194848504,0.05058067642875734,False,True,53433,1.0692801825058533,56.48474114986693
14,BEG,0.30967009347750013,0.3162347340428972,2.1198819981865777,0.4222991665254282,False,True,51533,1.031258129715235,57.51599927958216
31,CLJ,0.3071705174159641,0.30170775895808244,-1.7784123632165119,0.5309843551121796,False,False,50296,1.006503772187869,58.52250305177003
0,ABJ,0.38904699307975055,0.39961293577002016,2.7158525520601327,0.042769479373295116,True,True,46613,0.9328010245942646,59.45530407636429
